"Sample"	"Aegopódium podagrária"	"Ajúga réptans"	"Alchemilla vulgaris"	"Elytrígia répens"	"Equisétum sylváticum"	"Festuca pratensis"	"Hósta spc."	"Plantágo spc."	"Prunélla vulgáris"	"Taráxacum filiformis"	"Trifolium repens"	"Veronica filiformis"	"cluster"
"1"	"2020_1"	0	0	0	0	0	60	0	0	0	30	10	0	39
"2"	"2020_10"	0	0	0	30	5	0	0	0	0	0	0	0	32
"3"	"2020_11"	99	0	0	1	0	0	0	0	0	0	0	0	4
"4"	"2020_12"	100	0	0	0	0	0	0	0	0	0	0	0	31
"5"	"2020_13"	0	0	0	0	0	30	0	0	0	0	70	0	3
"6"	"2020_14"	0	0	2	0	0	68	0	0	0	0	30	0	40
"7"	"2020_15"	50	0	0	0	0	50	0	0	0	0	0	0	16
"8"	"2020_16"	50	0	0	0	0	50	0	0	0	0	0	0	24
"9"	"2020_17"	0	0	0	0	0	45	0	0	0	5	50	0	38
"10"	"2020_18"	0	0	0	0	0	30	0	0	0	0	70	0	43
"11"	"2020_19"	0	0	0	0	5	40	0	0	0	0	40	0	17
"12"	"2020_2"	0	0	20	0	0	40	0	0	0	20	20	0	44
"13"	"2020_20"	0	80	0	0	0	15	0	0	0	0	0	0	18
"14"	"2020_3"	0	0	0	0	0	50	0	2	0	1	47	0	7
"15"	"2020_4"	0	0	10	0	0	70	0	0	10	0	10	0	8
"16"	"2020_5"	50	0	0	0	0	0	0	0	0	50	0	0	2
"17"	"2020_6"	30	0	0	0	0	0	40	0	0	20	0	10	13
"18"	"2020_7"	40	0	0	0	0	55	0	0	0	0	0	5	45
"19"	"2020_8"	0	0	0	0	0	10	0	0	0	0	50	0	23
"20"	"2020_9"	0	0	0	0	0	10	0	0	0	10	80	0	46
"21"	"2021_1"	0	0	0	0	0	80	0	0	0	10	10	0	37
"22"	"2021_10"	0	0	0	0	0	50	0	0	0	0	50	0	25
"23"	"2021_11"	0	0	0	0	0	90	0	10	0	0	0	0	29
"24"	"2021_12"	60	0	0	0	0	0	0	0	0	0	0	0	34
"25"	"2021_13"	0	0	0	0	0	100	0	0	0	0	0	0	27
"26"	"2021_14"	0	0	0	0	0	90	0	0	0	0	10	0	30
"27"	"2021_15"	0	0	0	0	0	95	0	0	0	0	5	0	35
"28"	"2021_16"	0	0	0	0	0	90	0	0	0	0	10	0	15
"29"	"2021_17"	0	0	0	0	0	100	0	0	0	0	0	0	21
"30"	"2021_18"	0	0	0	0	0	95	0	0	0	0	5	0	36
"31"	"2021_19"	100	0	0	0	0	0	0	0	0	0	0	0	26
"32"	"2021_2"	100	0	0	0	0	0	0	0	0	0	0	0	28
"33"	"2021_20"	0	0	0	0	0	70	0	0	0	0	30	0	41
"34"	"2021_21"	0	0	5	0	0	95	0	0	0	0	0	0	5
"35"	"2021_22"	0	0	0	20	0	80	0	0	0	0	0	0	10
"36"	"2021_23"	0	0	0	0	0	90	0	0	0	0	10	0	19
"37"	"2021_24"	0	0	0	0	0	100	0	0	0	0	0	0	20
"38"	"2021_25"	0	0	0	0	0	0	100	0	0	0	0	0	1
"39"	"2021_26"	100	0	0	0	0	0	0	0	0	0	0	0	12
"40"	"2021_3"	99	0	0	0	0	1	0	0	0	0	0	0	42
"41"	"2021_4"	0	0	55	0	0	0	0	0	0	0	45	0	6
"42"	"2021_5"	0	0	0	0	0	60	0	0	0	0	40	0	33
"43"	"2021_6"	0	0	0	0	0	0	100	0	0	0	0	0	11
"44"	"2021_7"	30	0	0	0	0	0	70	0	0	0	0	0	9
"45"	"2021_8"	0	0	0	0	50	10	0	0	0	0	0	0	14
"46"	"2021_9"	0	0	0	0	0	90	0	0	0	0	0	10	22
